HOTA:
avwrhswd.def 001111111111111111111111111111111111111111111111 100000000000000000000000000000000000000000000000 110111111111 110011111111 142 0 0 0
avwrhsmc.def 001111111111111111111111111111111111111111111111 100000000000000000000000000000000000000000000000 110111111111 110011111111 142 1 0 0
avwrhsor.def 001111111111111111111111111111111111111111111111 100000000000000000000000000000000000000000000000 110111111111 110011111111 142 2 0 0
avwrhssf.def 001111111111111111111111111111111111111111111111 100000000000000000000000000000000000000000000000 110111111111 110011111111 142 3 0 0
avwrhscr.def 001111111111111111111111111111111111111111111111 100000000000000000000000000000000000000000000000 110111111111 110011111111 142 4 0 0
avwrhsgm.def 001111111111111111111111111111111111111111111111 100000000000000000000000000000000000000000000000 110111111111 110011111111 142 5 0 0
avwrhsgl.def 001111111111111111111111111111111111111111111111 100000000000000000000000000000000000000000000000 110111111111 110011111111 142 6 0 0

ADAPTATION:
avwrhswd.def 001111111111111111111111111111111111111111111111 100000000000000000000000000000000000000000000000 111111111 011111111 142 0 0 0
avwrhsmc.def 001111111111111111111111111111111111111111111111 100000000000000000000000000000000000000000000000 111111111 011111111 142 1 0 0
avwrhsor.def 001111111111111111111111111111111111111111111111 100000000000000000000000000000000000000000000000 111111111 011111111 142 2 0 0
avwrhssf.def 001111111111111111111111111111111111111111111111 100000000000000000000000000000000000000000000000 111111111 011111111 142 3 0 0
avwrhscr.def 001111111111111111111111111111111111111111111111 100000000000000000000000000000000000000000000000 111111111 011111111 142 4 0 0
avwrhsgm.def 001111111111111111111111111111111111111111111111 100000000000000000000000000000000000000000000000 111111111 011111111 142 5 0 0
avwrhsgl.def 001111111111111111111111111111111111111111111111 100000000000000000000000000000000000000000000000 111111111 011111111 142 6 0 0

VALUES:
https://heroes.thelazy.net/index.php/Warehouse
